Object name = TEXTURED_CUBE
# triangles = 12
Material count = 1
ambient color 0.4 0.4 0.4
diffuse color 0.8 0.8 0.8
specular color 0.9 0.9 0.9
material shine 32.0
Texture = YES
-- 3*[pos(x,y,z) normal(x,y,z) color_index [text_coord]] face_normal(x,y,z)
v0 -1.000000 -1.000000 1.000000 0.000000 0.000000 1.000000 0 0.000000 0.000000
v1 1.000000 -1.000000 1.000000 0.000000 0.000000 1.000000 0 1.000000 0.000000
v2 1.000000 1.000000 1.000000 0.000000 0.000000 1.000000 0 1.000000 1.000000
face normal 0.000000 0.000000 1.000000
v0 -1.000000 -1.000000 1.000000 0.000000 0.000000 1.000000 0 0.000000 0.000000
v1 1.000000 1.000000 1.000000 0.000000 0.000000 1.000000 0 1.000000 1.000000
v2 -1.000000 1.000000 1.000000 0.000000 0.000000 1.000000 0 0.000000 1.000000
face normal 0.000000 0.000000 1.000000
v0 1.000000 -1.000000 -1.000000 0.000000 0.000000 -1.000000 0 0.000000 0.000000
v1 -1.000000 -1.000000 -1.000000 0.000000 0.000000 -1.000000 0 1.000000 0.000000
v2 -1.000000 1.000000 -1.000000 0.000000 0.000000 -1.000000 0 1.000000 1.000000
face normal 0.000000 0.000000 -1.000000
v0 1.000000 -1.000000 -1.000000 0.000000 0.000000 -1.000000 0 0.000000 0.000000
v1 -1.000000 1.000000 -1.000000 0.000000 0.000000 -1.000000 0 1.000000 1.000000
v2 1.000000 1.000000 -1.000000 0.000000 0.000000 -1.000000 0 0.000000 1.000000
face normal 0.000000 0.000000 -1.000000
v0 1.000000 -1.000000 1.000000 1.000000 0.000000 0.000000 0 0.000000 0.000000
v1 1.000000 -1.000000 -1.000000 1.000000 0.000000 0.000000 0 1.000000 0.000000
v2 1.000000 1.000000 -1.000000 1.000000 0.000000 0.000000 0 1.000000 1.000000
face normal 1.000000 0.000000 0.000000
v0 1.000000 -1.000000 1.000000 1.000000 0.000000 0.000000 0 0.000000 0.000000
v1 1.000000 1.000000 -1.000000 1.000000 0.000000 0.000000 0 1.000000 1.000000
v2 1.000000 1.000000 1.000000 1.000000 0.000000 0.000000 0 0.000000 1.000000
face normal 1.000000 0.000000 0.000000
v0 -1.000000 -1.000000 -1.000000 -1.000000 0.000000 0.000000 0 0.000000 0.000000
v1 -1.000000 -1.000000 1.000000 -1.000000 0.000000 0.000000 0 1.000000 0.000000
v2 -1.000000 1.000000 1.000000 -1.000000 0.000000 0.000000 0 1.000000 1.000000
face normal -1.000000 0.000000 0.000000
v0 -1.000000 -1.000000 -1.000000 -1.000000 0.000000 0.000000 0 0.000000 0.000000
v1 -1.000000 1.000000 1.000000 -1.000000 0.000000 0.000000 0 1.000000 1.000000
v2 -1.000000 1.000000 -1.000000 -1.000000 0.000000 0.000000 0 0.000000 1.000000
face normal -1.000000 0.000000 0.000000
v0 -1.000000 1.000000 1.000000 0.000000 1.000000 0.000000 0 0.000000 0.000000
v1 1.000000 1.000000 1.000000 0.000000 1.000000 0.000000 0 1.000000 0.000000
v2 1.000000 1.000000 -1.000000 0.000000 1.000000 0.000000 0 1.000000 1.000000
face normal 0.000000 1.000000 0.000000
v0 -1.000000 1.000000 1.000000 0.000000 1.000000 0.000000 0 0.000000 0.000000
v1 1.000000 1.000000 -1.000000 0.000000 1.000000 0.000000 0 1.000000 1.000000
v2 -1.000000 1.000000 -1.000000 0.000000 1.000000 0.000000 0 0.000000 1.000000
face normal 0.000000 1.000000 0.000000
v0 -1.000000 -1.000000 -1.000000 0.000000 -1.000000 0.000000 0 0.000000 0.000000
v1 1.000000 -1.000000 -1.000000 0.000000 -1.000000 0.000000 0 1.000000 0.000000
v2 1.000000 -1.000000 1.000000 0.000000 -1.000000 0.000000 0 1.000000 1.000000
face normal 0.000000 -1.000000 0.000000
v0 -1.000000 -1.000000 -1.000000 0.000000 -1.000000 0.000000 0 0.000000 0.000000
v1 1.000000 -1.000000 1.000000 0.000000 -1.000000 0.000000 0 1.000000 1.000000
v2 -1.000000 -1.000000 1.000000 0.000000 -1.000000 0.000000 0 0.000000 1.000000
face normal 0.000000 -1.000000 0.000000
