Object name = UNTEXTURED_CUBE
# triangles = 12
Material count = 1
ambient color 0.4 0.4 0.4
diffuse color 0.8 0.8 0.8
specular color 0.9 0.9 0.9
material shine 32.0
Texture = NO
-- 3*[pos(x,y,z) normal(x,y,z) color_index [text_coord]] face_normal(x,y,z)
v0 -1.000000 -1.000000 1.000000 0.000000 0.000000 1.000000 0
v1 1.000000 -1.000000 1.000000 0.000000 0.000000 1.000000 0
v2 1.000000 1.000000 1.000000 0.000000 0.000000 1.000000 0
face normal 0.000000 0.000000 1.000000
v0 -1.000000 -1.000000 1.000000 0.000000 0.000000 1.000000 0
v1 1.000000 1.000000 1.000000 0.000000 0.000000 1.000000 0
v2 -1.000000 1.000000 1.000000 0.000000 0.000000 1.000000 0
face normal 0.000000 0.000000 1.000000
v0 1.000000 -1.000000 -1.000000 0.000000 0.000000 -1.000000 0
v1 -1.000000 -1.000000 -1.000000 0.000000 0.000000 -1.000000 0
v2 -1.000000 1.000000 -1.000000 0.000000 0.000000 -1.000000 0
face normal 0.000000 0.000000 -1.000000
v0 1.000000 -1.000000 -1.000000 0.000000 0.000000 -1.000000 0
v1 -1.000000 1.000000 -1.000000 0.000000 0.000000 -1.000000 0
v2 1.000000 1.000000 -1.000000 0.000000 0.000000 -1.000000 0
face normal 0.000000 0.000000 -1.000000
v0 1.000000 -1.000000 1.000000 1.000000 0.000000 0.000000 0
v1 1.000000 -1.000000 -1.000000 1.000000 0.000000 0.000000 0
v2 1.000000 1.000000 -1.000000 1.000000 0.000000 0.000000 0
face normal 1.000000 0.000000 0.000000
v0 1.000000 -1.000000 1.000000 1.000000 0.000000 0.000000 0
v1 1.000000 1.000000 -1.000000 1.000000 0.000000 0.000000 0
v2 1.000000 1.000000 1.000000 1.000000 0.000000 0.000000 0
face normal 1.000000 0.000000 0.000000
v0 -1.000000 -1.000000 -1.000000 -1.000000 0.000000 0.000000 0
v1 -1.000000 -1.000000 1.000000 -1.000000 0.000000 0.000000 0
v2 -1.000000 1.000000 1.000000 -1.000000 0.000000 0.000000 0
face normal -1.000000 0.000000 0.000000
v0 -1.000000 -1.000000 -1.000000 -1.000000 0.000000 0.000000 0
v1 -1.000000 1.000000 1.000000 -1.000000 0.000000 0.000000 0
v2 -1.000000 1.000000 -1.000000 -1.000000 0.000000 0.000000 0
face normal -1.000000 0.000000 0.000000
v0 -1.000000 1.000000 1.000000 0.000000 1.000000 0.000000 0
v1 1.000000 1.000000 1.000000 0.000000 1.000000 0.000000 0
v2 1.000000 1.000000 -1.000000 0.000000 1.000000 0.000000 0
face normal 0.000000 1.000000 0.000000
v0 -1.000000 1.000000 1.000000 0.000000 1.000000 0.000000 0
v1 1.000000 1.000000 -1.000000 0.000000 1.000000 0.000000 0
v2 -1.000000 1.000000 -1.000000 0.000000 1.000000 0.000000 0
face normal 0.000000 1.000000 0.000000
v0 -1.000000 -1.000000 -1.000000 0.000000 -1.000000 0.000000 0
v1 1.000000 -1.000000 -1.000000 0.000000 -1.000000 0.000000 0
v2 1.000000 -1.000000 1.000000 0.000000 -1.000000 0.000000 0
face normal 0.000000 -1.000000 0.000000
v0 -1.000000 -1.000000 -1.000000 0.000000 -1.000000 0.000000 0
v1 1.000000 -1.000000 1.000000 0.000000 -1.000000 0.000000 0
v2 -1.000000 -1.000000 1.000000 0.000000 -1.000000 0.000000 0
face normal 0.000000 -1.000000 0.000000
